1	50000	510000
2	320000	510000
3	50000	440000
4	130000	440000
5	220000	440000
6	320000	440000
7	420000	380000
8	320000	380000
9	220000	380000
10	220000	320000
11	130000	320000
12	50000	320000
13	50000	50000
14	130000	190000
15	220000	190000
16	320000	320000
17	320000	260000
18	420000	320000
19	320000	190000
20	320000	50000
21	220000	50000
22	220000	130000
23	130000	130000
24	130000	50000
1 	2  216
1 	3  144
2 	1  216
2 	6  180
3 	1  144
3 	4  144
3 	12 144
4 	3  144
4 	5  72
4 	11 216
5 	4  72
5 	6  144
5 	9  180
6 	2  180
6 	5  144
6 	8  72
7 	8  108
7 	18 72
8 	6  72
8 	7  108
8 	9  360
8 	16 180
9 	5  180
9 	8  360
9 	10 108
10 	9  108
10 	11 180
10 	15 216
10 	16 144
10 	17 288
11 	4  216
11 	10 180
11 	12 216
11 	14 144
12 	3  144
12 	11 216
12 	13 108
13 	12 108
13 	24 144
14 	11 144
14 	15 180
14 	23 144
15 	10 216
15 	14 180
15 	19 108
15 	22 46
16 	8  180
16 	10 144
16 	17 72
16 	18 108
17 	10 288
17 	16 72
17 	19 72
18 	7  72
18 	16 108
18 	20 144
19 	15 108
19 	17 72
19 	20 144
20 	18 144
20 	19 144
20 	21 216
20 	22 180
21 	20 216
21 	22 72
21 	24 108
22 	15 46
22 	20 180
22 	21 72
22 	23 144
23 	14 144
23 	22 144
23 	24 72
24 	13 144
24 	21 108
24 	23 72
1 3
2 6
3 4
5 9
9 8
8 7
9 10
11 12
16 18
12 13
18 20
13 24
